1
1023
1405
3
201930
Laurendeau
1805
7
201920
Mould
1406
6
201930
Bose
1406
0
201930
Bose
1805
0
201930
Hinek
0
1
1024
2402
6
201910
Laurendeau
2404
9
201930
Laurendeau
2406
7
201920
Somayaji
2406
0
201930
Somayaji
1805
0
201930
Hinek
0
1
1025
2402
8
201930
Laurendeau
2404
4
201910
Laurendeau
2406
5
201930
Somayaji
2406
0
201930
Somayaji
1805
8
201920
Hinek
0
1
1026
2402
4
201920
Laurendeau
2404
8
201930
Morin
2406
7
201910
Somayaji
2406
0
201930
Morin
1805
0
201930
Hinek
0
1
1027
2402
6
201910
Lanthier
2404
9
201930
Laurendeau
2406
7
201920
Somayaji
2406
0
201930
Somayaji
1805
0
201930
Morin
0
1
1028
2402
6
201910
Bose
2404
9
201930
Laurendeau
2406
7
201920
Somayaji
2406
0
201930
Bose
1805
0
201930
Hinek
0
1
1029
2402
1
201930
Laurendeau
2404
2
201930
Laurendeau
2406
5
201910
Lanthier
2406
0
201920
Somayaji
1805
0
201920
Mould
0
1
1030
2402
9
201930
Laurendeau
2404
7
201910
Mould
2406
1
201930
Somayaji
2406
0
201920
Somayaji
1805
0
201930
Hinek
0
1
1031
2402
6
201930
Runka
2404
8
201910
Laurendeau
2406
1
201930
Runka
2406
6
201930
Somayaji
1805
0
201910
Carmichael
0
1
1032
2402
6
201910
Laurendeau
2404
9
201930
Carmicheal
2406
7
201920
Bose
2406
0
201930
Somayaji
1805
0
201930
Runka
0
1
1033
2402
6
201910
Lanthier
2404
9
201930
Nussbaum
2406
7
201920
Morin
2406
0
201930
Somayaji
1805
0
201930
Hinek
0
1
1034
2402
6
201910
Laurendeau
2404
9
201930
Laurendeau
2406
7
201920
Somayaji
2406
0
201930
Somayaji
1805
0
201930
Hinek
0
1
1035
2402
6
201910
Laurendeau
2404
9
201930
Laurendeau
2406
7
201920
Somayaji
2406
0
201930
Somayaji
1805
0
201930
Hinek
0
1
1036
1405
7
201920
Laurendeau
2404
3
201930
Bose
2406
7
201920
Somayaji
2406
4
201930
Lanthier
1805
1
201930
Hinek
0
1
1037
2402
5
201910
Laurendeau
2404
11
201930
Laurendeau
2406
10
201920
Somayaji
2406
5
201930
Somayaji
1805
4
201930
Hinek
0
1
1038
2402
4
201910
Carmichael
2404
11
201930
Laurendeau
2406
12
201920
Somayaji
2406
5
201930
Somayaji
1805
7
201930
Carmichael
0
1
1039
1405
12
201930
Morin
1805
12
201930
Runka
1406
11
201910
Bose
1406
6
201910
Hinek
1805
7
201920
Runka
0
0
0
